440001,
440001,
440015,
440006,
440010,
440022,
440012,
440016,
440022,
440025,
440033,
440026,
440010,
440007,
440027,
440015,
440021,
441210,
441107,
440023,
441201,
441401,
441202,
441210,
441110,
441203,
441106,
441108,
441101,
441501,
441203,
440023,
441108,
441401,
441304,
441214,
441203,
441106,
440035,
441305,
441305,
441201,
441106,
441104,
441101,
441102,
441401,
441108,
441108,
441106,
441113,
441204,
441210,
441202,
441104,
441113,
441301,
440023,
441203,
440023,
441301,
441401,
441202,
440023,
440023,
441104,
441501,
441302,
441202,
441305,
441202,
441108,
441210,
441306,
441502,
441103,
441106,
441210,
441501,
441107,
441501,
441203,
441123,
441210,
441404,
440023,
441210,
441104,
441122,
441104,
441111,
441102,
441110,
441401,
441214,
440016,
441106,
441122